Webots Project File version R2023b
perspectives: 000000ff00000000fd0000000300000000000001ca0000039ffc0200000001fb00000012005300630065006e0065005400720065006501000000000000039f0000000000000000000000010000007500000354fc0200000001fb0000001400540065007800740045006400690074006f00720100000016000003540000003f00ffffff0000000300000a0000000189fc0100000002fb0000000e0043006f006e0073006f006c006501000001d0000005b00000000000000000fb0000001a0043006f006e0073006f006c00650041006c006c0041006c006c010000000000000a000000000000000000000005890000035400000004000000040000000100000008fc00000000
simulationViewPerspectives: 000000ff000000010000000200000142000008450100000002010000000101
sceneTreePerspectives: 000000ff00000001000000030000001f000000c0000000fa0100000002010000000201
maximizedDockId: -1
centralWidgetVisible: 1
orthographicViewHeight: 1
textFiles: -1
renderingDevicePerspectives: Phoenix:mid_camera;0;4.35938;0.0253317;0
renderingDevicePerspectives: Phoenix:mid_camera_depth;0;1;0;0
